# Blender 4.2.3 LTS
# www.blender.org
o Cube
v 0.225062 -0.411138 0.216463
v 0.246266 -0.402514 0.193884
v 0.173218 -0.344552 0.193211
v 0.194422 -0.335927 0.170632
v 0.189369 -0.456711 0.165538
v 0.210573 -0.448087 0.142959
v 0.137526 -0.390125 0.142286
v 0.158729 -0.381501 0.119707
vn 0.4629 0.5911 0.6605
vn -0.5923 0.7607 -0.2656
vn -0.4629 -0.5911 -0.6605
vn 0.5923 -0.7607 0.2656
vn -0.6595 -0.2682 0.7023
vn 0.6595 0.2682 -0.7023
s 0
f 2//1 3//1 1//1
f 4//2 7//2 3//2
f 8//3 5//3 7//3
f 6//4 1//4 5//4
f 7//5 1//5 3//5
f 4//6 6//6 8//6
f 2//1 4//1 3//1
f 4//2 8//2 7//2
f 8//3 6//3 5//3
f 6//4 2//4 1//4
f 7//5 5//5 1//5
f 4//6 2//6 6//6
o Cube.001
v 0.316336 -0.388761 0.144426
v 0.307324 -0.400878 0.130398
v 0.181730 -0.322138 0.173352
v 0.172718 -0.334256 0.159324
v 0.311595 -0.406203 0.162538
v 0.302583 -0.418320 0.148510
v 0.176989 -0.339581 0.191464
v 0.167977 -0.351698 0.177436
vn 0.1853 0.6817 -0.7078
vn -0.8801 0.4356 0.1891
vn -0.1853 -0.6817 0.7078
vn 0.8801 -0.4356 -0.1891
vn 0.4372 0.5879 0.6806
vn -0.4372 -0.5879 -0.6806
s 0
f 9//7 12//7 11//7
f 12//8 15//8 11//8
f 16//9 13//9 15//9
f 13//10 10//10 9//10
f 15//11 9//11 11//11
f 16//12 10//12 14//12
f 9//7 10//7 12//7
f 12//8 16//8 15//8
f 16//9 14//9 13//9
f 13//10 14//10 10//10
f 15//11 13//11 9//11
f 16//12 12//12 10//12
o Cube.002
v 0.323100 -0.475609 0.209315
v 0.316508 -0.484557 0.198965
v 0.328508 -0.464283 0.196077
v 0.321916 -0.473231 0.185727
v 0.234922 -0.422016 0.219143
v 0.228329 -0.430965 0.208794
v 0.240330 -0.410690 0.205906
v 0.233737 -0.419639 0.195556
vn 0.8507 -0.5170 -0.0948
vn 0.2965 0.6209 -0.7257
vn -0.8507 0.5170 0.0948
vn -0.2965 -0.6209 0.7257
vn 0.4341 0.5892 0.6815
vn -0.4341 -0.5892 -0.6815
s 0
f 18//13 19//13 17//13
f 20//14 23//14 19//14
f 24//15 21//15 23//15
f 21//16 18//16 17//16
f 23//17 17//17 19//17
f 20//18 22//18 24//18
f 18//13 20//13 19//13
f 20//14 24//14 23//14
f 24//15 22//15 21//15
f 21//16 22//16 18//16
f 23//17 21//17 17//17
f 20//18 18//18 22//18
o Cube.003
v 0.309829 -0.492083 0.194069
v 0.302181 -0.500752 0.184219
v 0.314805 -0.481005 0.180457
v 0.307157 -0.489674 0.170607
v 0.224857 -0.434796 0.209632
v 0.217209 -0.443464 0.199782
v 0.229833 -0.423718 0.196020
v 0.222185 -0.432386 0.186170
vn 0.8198 -0.5527 -0.1501
vn 0.2728 0.6073 -0.7462
vn -0.8198 0.5527 0.1501
vn -0.2728 -0.6073 0.7462
vn 0.5036 0.5707 0.6486
vn -0.5036 -0.5707 -0.6486
s 0
f 26//19 27//19 25//19
f 28//20 31//20 27//20
f 32//21 29//21 31//21
f 29//22 26//22 25//22
f 31//23 25//23 27//23
f 28//24 30//24 32//24
f 26//19 28//19 27//19
f 28//20 32//20 31//20
f 32//21 30//21 29//21
f 29//22 30//22 26//22
f 31//23 29//23 25//23
f 28//24 26//24 30//24
o Cube.004
v 0.298108 -0.503237 0.173651
v 0.289949 -0.511405 0.163783
v 0.302874 -0.491812 0.160253
v 0.294715 -0.499979 0.150385
v 0.214985 -0.444739 0.193967
v 0.206825 -0.452907 0.184099
v 0.219751 -0.433314 0.180569
v 0.211591 -0.441481 0.170701
vn 0.8019 -0.5644 -0.1960
vn 0.2613 0.6263 -0.7345
vn -0.8019 0.5644 0.1960
vn -0.2613 -0.6263 0.7345
vn 0.5373 0.5378 0.6497
vn -0.5373 -0.5378 -0.6497
s 0
f 34//25 35//25 33//25
f 36//26 39//26 35//26
f 40//27 37//27 39//27
f 37//28 34//28 33//28
f 39//29 33//29 35//29
f 36//30 38//30 40//30
f 34//25 36//25 35//25
f 36//26 40//26 39//26
f 40//27 38//27 37//27
f 37//28 38//28 34//28
f 39//29 37//29 33//29
f 36//30 34//30 38//30
o Cube.005
v 0.278926 -0.511972 0.147540
v 0.270621 -0.516882 0.135811
v 0.285450 -0.498403 0.137240
v 0.277146 -0.503314 0.125511
v 0.200458 -0.451336 0.177711
v 0.192153 -0.456246 0.165982
v 0.206982 -0.437767 0.167411
v 0.198678 -0.442678 0.155682
vn 0.7570 -0.5850 -0.2911
vn 0.3577 0.7438 -0.5646
vn -0.7570 0.5850 0.2911
vn -0.3577 -0.7438 0.5646
vn 0.5468 0.3233 0.7723
vn -0.5468 -0.3233 -0.7723
s 0
f 42//31 43//31 41//31
f 44//32 47//32 43//32
f 48//33 45//33 47//33
f 45//34 42//34 41//34
f 47//35 41//35 43//35
f 44//36 46//36 48//36
f 42//31 44//31 43//31
f 44//32 48//32 47//32
f 48//33 46//33 45//33
f 45//34 46//34 42//34
f 47//35 45//35 41//35
f 44//36 42//36 46//36
o Cube.006
v 0.188312 -0.454646 0.162130
v 0.206071 -0.447423 0.143219
v 0.203004 -0.473517 0.168720
v 0.220764 -0.466294 0.149808
v 0.224533 -0.408399 0.213810
v 0.242292 -0.401175 0.194898
v 0.239226 -0.427269 0.220399
v 0.256985 -0.420046 0.201488
vn -0.4629 -0.5911 -0.6605
vn 0.5923 -0.7607 0.2656
vn 0.4629 0.5911 0.6605
vn -0.5923 0.7607 -0.2656
vn -0.6595 -0.2682 0.7023
vn 0.6595 0.2682 -0.7023
s 0
f 50//37 51//37 49//37
f 52//38 55//38 51//38
f 56//39 53//39 55//39
f 54//40 49//40 53//40
f 55//41 49//41 51//41
f 52//42 54//42 56//42
f 50//37 52//37 51//37
f 52//38 56//38 55//38
f 56//39 54//39 53//39
f 54//40 50//40 49//40
f 55//41 53//41 49//41
f 52//42 50//42 54//42
